0 0.077691 0.597222 0.025174 0.046296
0 0.135851 0.896605 0.016493 0.040123
0 0.201389 0.060957 0.015625 0.026235
0 0.273872 0.728395 0.019965 0.030864
0 0.303819 0.479167 0.022569 0.041667
0 0.319444 0.156636 0.019097 0.032407
0 0.331163 0.181327 0.018229 0.035494
0 0.382812 0.359568 0.020833 0.033951
0 0.384115 0.141975 0.018229 0.033951
0 0.540799 0.102623 0.015625 0.026235
0 0.776476 0.022377 0.016493 0.038580
0 0.846354 0.695988 0.013889 0.037037
0 0.887587 0.123457 0.016493 0.030864
0 0.911024 0.140432 0.014757 0.024691
