0 0.023872 0.712191 0.014757 0.026235
0 0.038628 0.256944 0.019965 0.026235
0 0.084635 0.346451 0.011285 0.032407
0 0.098958 0.342593 0.013889 0.027778
0 0.103299 0.368827 0.012153 0.024691
0 0.225260 0.464506 0.011285 0.021605
0 0.288194 0.124228 0.012153 0.020062
0 0.301649 0.385802 0.013021 0.021605
0 0.317274 0.347222 0.013021 0.021605
0 0.343750 0.337191 0.012153 0.023148
0 0.396267 0.116512 0.014757 0.029321
0 0.706597 0.084877 0.017361 0.030864
0 0.858507 0.128086 0.020833 0.027778
0 0.906684 0.751543 0.025174 0.043210
