0 0.030382 0.956019 0.034722 0.063272
0 0.094618 0.393519 0.020833 0.033951
0 0.110677 0.439043 0.018229 0.032407
0 0.134115 0.155864 0.013021 0.021605
0 0.180990 0.058642 0.018229 0.033951
0 0.242622 0.103395 0.016493 0.021605
0 0.263021 0.148920 0.015625 0.029321
0 0.336372 0.360340 0.021701 0.035494
0 0.336806 0.109568 0.010417 0.021605
0 0.351562 0.327160 0.012153 0.021605
0 0.354601 0.362654 0.016493 0.027778
0 0.646267 0.175926 0.014757 0.030864
0 0.665799 0.175154 0.019097 0.032407
0 0.682292 0.219136 0.015625 0.015432
0 0.738715 0.014660 0.022569 0.029321
0 0.747830 0.570988 0.021701 0.030864
0 0.816840 0.610340 0.017361 0.044753
0 0.970052 0.189043 0.018229 0.032407
