0 0.010417 0.668210 0.020833 0.052469
0 0.055556 0.606481 0.026042 0.043210
0 0.078993 0.381944 0.026042 0.041667
0 0.157118 0.406636 0.024306 0.041667
0 0.296007 0.518519 0.024306 0.049383
0 0.301649 0.359568 0.018229 0.030864
0 0.309462 0.232253 0.018229 0.038580
0 0.653212 0.153549 0.013021 0.026235
0 0.671007 0.134259 0.017361 0.027778
0 0.688802 0.241512 0.014757 0.023148
0 0.717882 0.146605 0.017361 0.027778
0 0.754774 0.636574 0.032118 0.035494
0 0.898872 0.050154 0.019965 0.029321
0 0.929253 0.047840 0.021701 0.027778
