0 0.013889 0.657407 0.022569 0.046296
0 0.042535 0.687500 0.019097 0.047840
0 0.153646 0.010802 0.017361 0.021605
0 0.167535 0.011574 0.019097 0.023148
0 0.235677 0.091049 0.016493 0.033951
0 0.312500 0.182099 0.019097 0.018519
0 0.684462 0.097994 0.018229 0.029321
0 0.697049 0.118056 0.019097 0.035494
0 0.704427 0.450617 0.018229 0.033951
0 0.729601 0.447531 0.014757 0.024691
0 0.748264 0.439815 0.019097 0.030864
0 0.929688 0.428241 0.024306 0.100309
0 0.946615 0.411265 0.033854 0.066358
0 0.991753 0.625000 0.011285 0.046296
