0 0.111979 0.432099 0.041667 0.046296
0 0.118490 0.317901 0.030382 0.040123
0 0.149306 0.820216 0.036458 0.057099
0 0.168837 0.125000 0.025174 0.040123
0 0.230469 0.426698 0.023438 0.044753
0 0.297743 0.971451 0.026042 0.047840
0 0.365451 0.566358 0.019097 0.027778
0 0.403646 0.052469 0.017361 0.033951
0 0.406684 0.011574 0.014757 0.023148
0 0.706163 0.279321 0.021701 0.027778
0 0.796875 0.600309 0.019097 0.052469
0 0.815104 0.741512 0.031250 0.047840
0 0.865885 0.820988 0.025174 0.030864
0 0.978299 0.787037 0.029514 0.046296
