0 0.010417 0.347994 0.015625 0.035494
0 0.079427 0.597222 0.025174 0.046296
0 0.144531 0.099537 0.019965 0.041667
0 0.240451 0.290895 0.019097 0.023148
0 0.312066 0.968364 0.025174 0.054012
0 0.319878 0.160494 0.018229 0.040123
0 0.674045 0.044753 0.019965 0.030864
0 0.679688 0.344136 0.024306 0.037037
0 0.743490 0.312500 0.023438 0.041667
0 0.761719 0.698302 0.016493 0.032407
0 0.760851 0.151235 0.013021 0.033951
0 0.819010 0.614969 0.021701 0.032407
0 0.912326 0.888117 0.020833 0.044753
0 0.931424 0.280093 0.019097 0.032407
