0 0.042969 0.303241 0.018229 0.038580
0 0.139323 0.238426 0.021701 0.038580
0 0.149740 0.152778 0.021701 0.037037
0 0.184028 0.533179 0.027778 0.038580
0 0.190104 0.007716 0.020833 0.015432
0 0.215712 0.563272 0.021701 0.030864
0 0.245226 0.231481 0.018229 0.027778
0 0.647569 0.308642 0.013889 0.030864
0 0.663194 0.276235 0.019097 0.024691
0 0.682292 0.079475 0.017361 0.038580
0 0.763889 0.344136 0.010417 0.040123
0 0.779514 0.457562 0.026042 0.035494
0 0.877604 0.900463 0.031250 0.044753
0 0.901910 0.943673 0.026042 0.041667
0 0.944444 0.494599 0.020833 0.041667
