0 0.032552 0.726080 0.014757 0.029321
0 0.036024 0.557870 0.018229 0.029321
0 0.063802 0.118827 0.014757 0.027778
0 0.071615 0.985340 0.028646 0.020062
0 0.135851 0.298611 0.018229 0.026235
0 0.253906 0.676698 0.019965 0.035494
0 0.334635 0.597222 0.019965 0.043210
0 0.337240 0.521605 0.018229 0.027778
0 0.351562 0.541667 0.015625 0.037037
0 0.648003 0.107253 0.011285 0.016975
0 0.706597 0.080247 0.020833 0.040123
0 0.748698 0.860340 0.037326 0.060185
0 0.766493 0.301698 0.024306 0.035494
0 0.824219 0.859568 0.030382 0.043210
0 0.838108 0.510031 0.016493 0.038580
0 0.877604 0.053241 0.017361 0.023148
0 0.947483 0.540895 0.026910 0.038580
