0 0.127311 0.926466 0.024336 0.057309
0 0.248150 0.311703 0.027462 0.046194
0 0.268045 0.286721 0.013145 0.043930
0 0.122654 0.204244 0.028355 0.037460
0 0.702598 0.478056 0.019725 0.034519
0 0.760797 0.343908 0.020239 0.037258
0 0.787302 0.319252 0.029279 0.045294
0 0.896236 0.409638 0.026112 0.041297
0 0.851963 0.899478 0.020256 0.031926
0 0.895603 0.349234 0.020141 0.034318
0 0.727773 0.050426 0.022104 0.039978
0 0.724579 0.072686 0.015588 0.022715
0 0.612896 0.070477 0.015198 0.030587
0 0.605906 0.070190 0.011255 0.035748
0 0.319993 0.033637 0.010111 0.028594
0 0.303206 0.026925 0.009386 0.016079
