0 0.047743 0.616512 0.026042 0.044753
0 0.067274 0.586420 0.021701 0.040123
0 0.130208 0.146605 0.020833 0.027778
0 0.148872 0.874228 0.019965 0.044753
0 0.281684 0.841821 0.026910 0.054012
0 0.297309 0.696759 0.026910 0.044753
0 0.311198 0.760802 0.018229 0.033951
0 0.342882 0.347994 0.019097 0.035494
0 0.356337 0.438272 0.018229 0.033951
0 0.719184 0.779321 0.030382 0.055556
0 0.733507 0.722222 0.022569 0.046296
0 0.757378 0.935957 0.019965 0.038580
0 0.774306 0.844907 0.015625 0.038580
0 0.910156 0.178241 0.023438 0.041667
0 0.984375 0.729167 0.026042 0.060185
