0 0.031250 0.697531 0.043403 0.052469
0 0.059028 0.422068 0.022569 0.035494
0 0.108507 0.316358 0.022569 0.040123
0 0.115885 0.148920 0.023438 0.035494
0 0.138889 0.224537 0.026042 0.050926
0 0.211806 0.796296 0.017361 0.027778
0 0.308594 0.831019 0.019965 0.047840
0 0.323785 0.863426 0.019097 0.038580
0 0.356337 0.113426 0.016493 0.029321
0 0.641493 0.302469 0.017361 0.033951
0 0.734375 0.758488 0.012153 0.026235
0 0.763889 0.765432 0.022569 0.052469
0 0.802083 0.728395 0.013889 0.030864
0 0.827257 0.021605 0.024306 0.027778
0 0.887153 0.270062 0.024306 0.037037
0 0.913194 0.244599 0.032986 0.038580
0 0.903212 0.363426 0.016493 0.026235
