0 0.138455 0.040123 0.058160 0.040123
0 0.128038 0.716049 0.033854 0.049383
0 0.140191 0.688272 0.013021 0.030864
0 0.203993 0.398920 0.022569 0.035494
0 0.319444 0.137346 0.017361 0.033951
0 0.348524 0.550154 0.021701 0.032407
0 0.350260 0.512346 0.019965 0.033951
0 0.360243 0.147377 0.017361 0.041667
0 0.707899 0.741512 0.025174 0.047840
0 0.704861 0.815586 0.017361 0.035494
0 0.725260 0.943673 0.019965 0.038580
0 0.763021 0.635802 0.026042 0.046296
0 0.773003 0.083333 0.011285 0.021605
0 0.778646 0.060957 0.010417 0.016975
