0 0.010851 0.587191 0.021701 0.023148
0 0.051215 0.186728 0.017361 0.027778
0 0.217448 0.408951 0.018229 0.018519
0 0.246094 0.350309 0.026910 0.040123
0 0.290799 0.843364 0.024306 0.038580
0 0.320312 0.474537 0.019097 0.029321
0 0.344184 0.014660 0.021701 0.029321
0 0.628472 0.334105 0.019097 0.020062
0 0.731771 0.114198 0.017361 0.040123
0 0.745226 0.209105 0.016493 0.020062
0 0.865885 0.138889 0.025174 0.040123
0 0.897569 0.046296 0.020833 0.046296
0 0.940972 0.304012 0.019097 0.040123
0 0.985243 0.325617 0.015625 0.027778
