0 0.656304 0.152598 0.023773 0.041940
0 0.249926 0.110963 0.029722 0.044129
0 0.245540 0.183990 0.024910 0.034471
0 0.939434 0.510486 0.024263 0.035115
0 0.679960 0.968935 0.031137 0.062129
0 0.277435 0.871571 0.032199 0.055607
0 0.710506 0.092476 0.023081 0.037549
0 0.617290 0.210889 0.017975 0.041265
0 0.612417 0.059508 0.015326 0.031861
0 0.595330 0.018089 0.020518 0.035881
0 0.821673 0.013102 0.021523 0.026204
0 0.989385 0.498071 0.021230 0.030445
0 0.327597 0.561816 0.020423 0.033037
0 0.351913 0.312910 0.020381 0.040007
