0 0.363677 0.237809 0.021652 0.038631
0 0.294317 0.950229 0.028716 0.064789
0 0.314698 0.693285 0.024018 0.037985
0 0.213436 0.643986 0.031974 0.046066
0 0.207374 0.579264 0.024397 0.043238
0 0.109834 0.407955 0.026956 0.043987
0 0.197392 0.206662 0.010327 0.024379
0 0.603457 0.033056 0.017932 0.026709
0 0.694779 0.314417 0.023511 0.045733
0 0.829912 0.514618 0.033523 0.055301
0 0.739649 0.742741 0.027730 0.051887
0 0.764084 0.842185 0.035067 0.063301
0 0.895522 0.165707 0.017075 0.031749
0 0.906305 0.106154 0.019321 0.020516
0 0.245821 0.006922 0.020064 0.013845
