0 0.069878 0.920525 0.021701 0.047840
0 0.072917 0.116512 0.013889 0.032407
0 0.083333 0.131944 0.015625 0.026235
0 0.197483 0.019290 0.016493 0.032407
0 0.230903 0.744599 0.022569 0.029321
0 0.605903 0.007716 0.017361 0.015432
0 0.624566 0.047840 0.011285 0.018519
0 0.651910 0.209877 0.017361 0.030864
0 0.680990 0.440586 0.021701 0.026235
0 0.684462 0.139660 0.018229 0.026235
0 0.772135 0.882716 0.033854 0.077160
0 0.825087 0.863426 0.023438 0.041667
0 0.888455 0.178241 0.019965 0.023148
0 0.945747 0.212191 0.016493 0.026235
