1 0.220383 0.489730 0.025153 0.023841
1 0.244134 0.313077 0.025291 0.032240
0 0.227143 0.281163 0.018313 0.029226
1 0.240249 0.192124 0.018126 0.019107
1 0.258897 0.175013 0.017886 0.041350
1 0.366290 0.072035 0.025516 0.019120
1 0.379340 0.077395 0.000225 0.000240
1 0.357785 0.088715 0.018675 0.018720
1 0.364422 0.053834 0.017910 0.017600
1 0.378012 0.024761 0.015300 0.020080
1 0.369575 0.041601 0.011475 0.011840
0 0.382480 0.047586 0.012609 0.019919
1 0.276825 0.024679 0.020624 0.032179
0 0.855110 0.700357 0.021164 0.041604
0 0.916995 0.975985 0.025124 0.048030
0 0.700851 0.104986 0.013301 0.022036
