0 0.276645 0.799322 0.033769 0.044593
0 0.309335 0.812155 0.022486 0.037955
0 0.078021 0.613300 0.026067 0.042595
0 0.099678 0.590622 0.023239 0.042397
0 0.117938 0.428574 0.022561 0.039588
0 0.164715 0.355072 0.019240 0.034726
0 0.314734 0.267385 0.016824 0.028979
1 0.045437 0.785646 0.034603 0.063241
1 0.038750 0.682939 0.016812 0.046169
1 0.345491 0.462537 0.024760 0.040320
1 0.329904 0.510805 0.011590 0.032537
1 0.724872 0.135413 0.019106 0.025638
1 0.368369 0.216595 0.019226 0.031287
1 0.366137 0.187268 0.024223 0.028225
1 0.283644 0.184994 0.033194 0.035347
1 0.359205 0.145934 0.011753 0.014050
