0 0.232301 0.953254 0.021036 0.039571
0 0.882043 0.547220 0.014709 0.030794
0 0.745346 0.359602 0.015714 0.025251
0 0.312723 0.175629 0.015545 0.030380
0 0.873007 0.101131 0.017631 0.029776
0 0.770772 0.066196 0.018015 0.029323
1 0.236738 0.671314 0.021589 0.048295
1 0.219288 0.688185 0.026266 0.044937
1 0.194254 0.726741 0.021859 0.044297
1 0.188632 0.769998 0.022128 0.031024
1 0.183594 0.802381 0.032923 0.050694
1 0.299936 0.716377 0.018548 0.023670
1 0.311964 0.721519 0.004958 0.001306
1 0.799990 0.702221 0.026415 0.028474
1 0.280949 0.059183 0.020352 0.032420
1 0.289655 0.034771 0.013295 0.023737
