0 0.122879 0.287264 0.013814 0.026195
1 0.169569 0.152689 0.006999 0.023575
1 0.364156 0.159132 0.021181 0.034708
1 0.391783 0.163061 0.020812 0.027504
1 0.323083 0.414530 0.029653 0.077929
1 0.360288 0.417804 0.030390 0.061557
1 0.215338 0.374583 0.032968 0.047805
1 0.265619 0.429755 0.035547 0.051407
1 0.287076 0.393574 0.019523 0.031434
1 0.118797 0.474777 0.006262 0.030124
1 0.140714 0.554835 0.039046 0.043549
1 0.240724 0.727064 0.019523 0.042894
1 0.337880 0.799754 0.017497 0.056646
1 0.233173 0.667471 0.013998 0.032416
1 0.230502 0.986412 0.022286 0.025212
1 0.942075 0.362816 0.037020 0.068106
