0 0.036651 0.826481 0.029629 0.042573
0 0.062019 0.798484 0.024028 0.046036
1 0.329692 0.638138 0.025691 0.040483
0 0.083997 0.604745 0.024100 0.050867
0 0.135071 0.516251 0.021799 0.041386
0 0.298264 0.404683 0.013750 0.027598
1 0.353646 0.349819 0.019504 0.033888
1 0.354676 0.316324 0.025686 0.031795
1 0.282644 0.375334 0.019909 0.034993
1 0.273703 0.345817 0.032530 0.025644
1 0.291208 0.344014 0.000376 0.000401
1 0.256424 0.312694 0.023665 0.025911
1 0.344896 0.264167 0.012388 0.016861
1 0.738557 0.242439 0.020650 0.025313
0 0.703741 0.027133 0.013396 0.020316
