0 0.295231 0.836065 0.023107 0.029717
0 0.244592 0.756091 0.017207 0.028843
0 0.142085 0.808970 0.019666 0.036709
0 0.093412 0.370644 0.028515 0.042827
1 0.302852 0.257020 0.013766 0.027095
1 0.242625 0.339615 0.019174 0.038457
1 0.231809 0.354911 0.024090 0.020103
1 0.159784 0.060308 0.025565 0.029717
1 0.718043 0.307659 0.026057 0.052442
1 0.802114 0.868349 0.036873 0.063804
1 0.263766 0.902436 0.037856 0.062056
1 0.153147 0.969737 0.039823 0.042827
1 0.190020 0.780072 0.040806 0.049820
0 0.964356 0.707528 0.029990 0.065552
