0 0.249322 0.478802 0.018428 0.036615
0 0.324932 0.687413 0.024390 0.052996
1 0.199729 0.786661 0.029810 0.047215
1 0.326829 0.455194 0.036856 0.045288
1 0.354201 0.310659 0.020054 0.039506
0 0.344444 0.170942 0.015718 0.031798
0 0.378862 0.160343 0.021680 0.029871
1 0.079133 0.406926 0.032520 0.037579
1 0.803523 0.253237 0.037398 0.057814
0 0.867209 0.367419 0.023848 0.041433
0 0.805149 0.569768 0.018970 0.026016
1 0.836043 0.555796 0.042818 0.053960
1 0.870732 0.596748 0.024390 0.043360
1 0.868564 0.800060 0.027642 0.070340
1 0.895122 0.745619 0.028726 0.077085
