0 0.310593 0.465794 0.027982 0.047485
1 0.262339 0.835685 0.043966 0.083887
1 0.286275 0.903546 0.042784 0.098842
1 0.234810 0.887195 0.052705 0.081572
1 0.103186 0.463755 0.018376 0.030766
0 0.131924 0.326639 0.021286 0.036685
0 0.151630 0.308545 0.017940 0.031893
0 0.304600 0.300143 0.013749 0.026277
1 0.362233 0.219887 0.019708 0.029943
1 0.342469 0.250237 0.022572 0.035239
1 0.352265 0.185768 0.008708 0.015073
0 0.161719 0.188437 0.018831 0.032229
0 0.202128 0.131776 0.019415 0.032021
0 0.334172 0.064570 0.013863 0.023068
1 0.380363 0.028884 0.017523 0.021491
1 0.375428 0.008478 0.023401 0.016956
1 0.319311 0.044558 0.014528 0.026420
1 0.306458 0.012633 0.035374 0.025266
1 0.698672 0.288774 0.014770 0.034620
1 0.994533 0.357970 0.010934 0.052989
