0 0.031321 0.824959 0.029254 0.058226
0 0.090386 0.718117 0.027187 0.047485
0 0.277422 0.583895 0.015667 0.030450
1 0.308217 0.866147 0.029690 0.051457
1 0.796725 0.979734 0.034765 0.040532
1 0.833511 0.984765 0.037514 0.030471
1 0.761013 0.404582 0.017272 0.028959
1 0.745620 0.265324 0.018968 0.018569
0 0.834373 0.289765 0.006555 0.012796
0 0.720578 0.151367 0.013078 0.022042
0 0.338337 0.006973 0.014875 0.013947
1 0.337129 0.520961 0.022494 0.040135
1 0.337432 0.497196 0.000367 0.007019
1 0.339911 0.479321 0.029200 0.037219
1 0.331387 0.413650 0.017814 0.018283
1 0.281527 0.377574 0.024976 0.033954
1 0.258021 0.380593 0.020568 0.028893
1 0.237958 0.418955 0.010927 0.024323
1 0.232586 0.472008 0.025343 0.029873
1 0.259834 0.547340 0.021135 0.041242
1 0.250505 0.512849 0.034344 0.021575
