1 0.175887 0.858146 0.052149 0.047202
1 0.286227 0.918880 0.041019 0.065575
1 0.178546 0.773469 0.022259 0.039853
1 0.170040 0.829999 0.020510 0.040984
1 0.212729 0.722027 0.042291 0.057943
1 0.289461 0.763334 0.018346 0.025255
0 0.881395 0.585552 0.012823 0.029654
0 0.743241 0.392842 0.016677 0.024051
0 0.303738 0.198306 0.014671 0.031120
1 0.270067 0.078734 0.024932 0.033493
1 0.279205 0.055572 0.014341 0.030494
0 0.867981 0.127358 0.021594 0.030482
0 0.767963 0.091428 0.017247 0.028004
1 0.801047 0.748676 0.026178 0.027810
