0 0.252806 0.723749 0.020603 0.033282
0 0.051719 0.882356 0.029855 0.051636
1 0.319808 0.650497 0.023321 0.044668
1 0.321598 0.609514 0.031671 0.034774
1 0.316993 0.526519 0.023826 0.023446
1 0.255779 0.489172 0.020663 0.039024
1 0.237488 0.493652 0.015611 0.023787
1 0.216491 0.531955 0.015913 0.034751
1 0.212523 0.569821 0.018923 0.022416
1 0.208636 0.596257 0.028228 0.035812
1 0.234960 0.644529 0.022538 0.024848
1 0.234436 0.631173 0.000874 0.002485
1 0.236708 0.684286 0.020442 0.045969
0 0.845245 0.384246 0.008407 0.022513
0 0.721984 0.229801 0.014135 0.022142
0 0.322388 0.068297 0.014154 0.027894
