0 0.009983 0.908951 0.019965 0.052469
0 0.055556 0.609568 0.020833 0.030864
0 0.091146 0.443673 0.026042 0.044753
0 0.093316 0.483796 0.023438 0.038580
0 0.095920 0.082562 0.019965 0.035494
0 0.098958 0.959105 0.024306 0.057099
0 0.136285 0.652006 0.027778 0.044753
0 0.139323 0.291667 0.028646 0.046296
0 0.155816 0.507716 0.028646 0.049383
0 0.263021 0.575617 0.026042 0.049383
0 0.318576 0.280864 0.020833 0.033951
0 0.355469 0.187500 0.016493 0.026235
0 0.812934 0.047840 0.019965 0.037037
0 0.830729 0.073302 0.019097 0.026235
0 0.873698 0.582562 0.021701 0.041667
0 0.983073 0.435957 0.028646 0.032407
