0 0.081163 0.441358 0.026910 0.046296
0 0.092882 0.713735 0.026042 0.038580
0 0.098958 0.158179 0.015625 0.026235
0 0.172743 0.136574 0.022569 0.035494
0 0.194010 0.850309 0.028646 0.052469
0 0.217882 0.810957 0.029514 0.035494
0 0.299913 0.296296 0.019965 0.037037
0 0.375434 0.568673 0.023438 0.038580
0 0.500434 0.084105 0.019965 0.035494
0 0.662326 0.229167 0.022569 0.032407
0 0.679253 0.242284 0.023438 0.033951
0 0.738715 0.637346 0.015625 0.030864
0 0.847656 0.702932 0.023438 0.038580
0 0.848958 0.067901 0.024306 0.037037
0 0.976562 0.198302 0.024306 0.032407
0 0.984375 0.697531 0.020833 0.030864
