0 0.021701 0.380401 0.019097 0.035494
0 0.049045 0.385031 0.028646 0.038580
0 0.085503 0.054012 0.018229 0.024691
0 0.144531 0.067901 0.018229 0.030864
0 0.334635 0.649691 0.023438 0.046296
0 0.339844 0.290895 0.019965 0.038580
0 0.513021 0.029321 0.010417 0.024691
0 0.716146 0.401235 0.015625 0.024691
0 0.754340 0.718364 0.027778 0.041667
0 0.781684 0.665895 0.019965 0.023148
0 0.865451 0.274691 0.022569 0.033951
0 0.875868 0.096451 0.024306 0.035494
0 0.911458 0.082562 0.036458 0.035494
0 0.948785 0.611111 0.026042 0.043210
