0 0.223524 0.648920 0.021701 0.047840
0 0.249132 0.251543 0.020833 0.037037
0 0.271701 0.594136 0.020833 0.040123
0 0.275608 0.008488 0.016493 0.016975
0 0.323785 0.846451 0.019097 0.035494
0 0.357205 0.821759 0.026910 0.057099
0 0.400608 0.014660 0.023438 0.029321
0 0.410156 0.175154 0.018229 0.029321
0 0.482205 0.320216 0.019965 0.035494
0 0.521267 0.158951 0.014757 0.027778
0 0.821181 0.020062 0.024306 0.037037
0 0.832031 0.351080 0.042535 0.026235
0 0.842014 0.327160 0.024306 0.043210
0 0.878906 0.093364 0.026910 0.041667
0 0.992622 0.440586 0.009549 0.047840
