0 0.064670 0.405864 0.013021 0.021605
0 0.069010 0.084105 0.011285 0.016975
0 0.117622 0.574846 0.016493 0.029321
0 0.127170 0.126543 0.018229 0.027778
0 0.218316 0.545525 0.013021 0.023148
0 0.239149 0.115741 0.021701 0.033951
0 0.240885 0.374228 0.013021 0.032407
0 0.300781 0.975309 0.026910 0.040123
0 0.329427 0.189043 0.018229 0.032407
0 0.671875 0.278549 0.019097 0.029321
0 0.676215 0.100309 0.013889 0.027778
0 0.717882 0.734568 0.013889 0.033951
0 0.727431 0.126543 0.015625 0.024691
0 0.803385 0.317130 0.013021 0.023148
0 0.876736 0.564815 0.017361 0.030864
0 0.898872 0.330247 0.025174 0.040123
0 0.907118 0.853395 0.024306 0.055556
0 0.929253 0.648920 0.018229 0.035494
