0 0.011719 0.624228 0.023438 0.044753
0 0.039062 0.657407 0.020833 0.033951
0 0.222222 0.264660 0.017361 0.029321
0 0.243490 0.425926 0.014757 0.030864
0 0.306858 0.953704 0.014757 0.027778
0 0.328125 0.148920 0.022569 0.035494
0 0.345920 0.428241 0.016493 0.038580
0 0.353299 0.410494 0.022569 0.052469
0 0.356771 0.158179 0.017361 0.026235
0 0.373264 0.659722 0.024306 0.041667
0 0.523438 0.119599 0.010417 0.026235
0 0.667535 0.153549 0.019097 0.038580
0 0.670573 0.119599 0.018229 0.038580
0 0.733073 0.550926 0.019965 0.030864
0 0.753038 0.976852 0.028646 0.037037
0 0.854601 0.382716 0.014757 0.024691
0 0.858941 0.014660 0.011285 0.026235
0 0.871528 0.403549 0.022569 0.026235
0 0.958333 0.202160 0.026042 0.030864
