0 0.075087 0.506944 0.032118 0.050926
0 0.096354 0.190586 0.020833 0.026235
0 0.124566 0.142747 0.023438 0.035494
0 0.147135 0.185957 0.018229 0.029321
0 0.200087 0.918981 0.028646 0.041667
0 0.212674 0.070988 0.024306 0.046296
0 0.236545 0.831790 0.026910 0.052469
0 0.246528 0.266975 0.024306 0.030864
0 0.252604 0.232253 0.020833 0.026235
0 0.383681 0.708333 0.024306 0.043210
0 0.393663 0.629630 0.019965 0.033951
0 0.401910 0.185185 0.013889 0.024691
0 0.906684 0.356481 0.023438 0.037037
0 0.972656 0.082562 0.026910 0.035494
0 0.974826 0.506173 0.024306 0.033951
0 0.976562 0.050154 0.015625 0.032407
