0 0.057292 0.329475 0.026042 0.038580
0 0.071615 0.836420 0.025174 0.040123
0 0.090712 0.302469 0.025174 0.040123
0 0.302083 0.035494 0.020833 0.027778
0 0.303819 0.010802 0.019097 0.021605
0 0.598958 0.007716 0.015625 0.015432
0 0.624132 0.182870 0.019097 0.032407
0 0.638455 0.300926 0.021701 0.030864
0 0.700087 0.925926 0.032118 0.058642
0 0.713542 0.304012 0.019097 0.030864
0 0.724392 0.840278 0.035590 0.069444
0 0.809462 0.754630 0.016493 0.033951
0 0.901910 0.214506 0.015625 0.021605
0 0.988715 0.540123 0.017361 0.049383
