0 0.097222 0.336420 0.027778 0.040123
0 0.127604 0.143519 0.015625 0.021605
0 0.153646 0.026235 0.022569 0.040123
0 0.156684 0.057870 0.019965 0.032407
0 0.184028 0.380401 0.024306 0.047840
0 0.202257 0.181327 0.022569 0.035494
0 0.216146 0.084105 0.024306 0.044753
0 0.309462 0.153549 0.023438 0.038580
0 0.626736 0.232253 0.019097 0.038580
0 0.664062 0.773920 0.024306 0.020062
0 0.661458 0.143519 0.015625 0.030864
0 0.729167 0.541667 0.017361 0.040123
0 0.793837 0.229938 0.025174 0.030864
0 0.880642 0.155864 0.021701 0.021605
