0 0.010417 0.735340 0.020833 0.047840
0 0.106771 0.329475 0.029514 0.044753
0 0.120226 0.068673 0.016493 0.023148
0 0.147135 0.022377 0.018229 0.038580
0 0.165799 0.063272 0.017361 0.030864
0 0.228733 0.656636 0.023438 0.035494
0 0.259983 0.119599 0.019965 0.026235
0 0.266059 0.095679 0.016493 0.024691
0 0.390191 0.501543 0.021701 0.040123
0 0.392795 0.438272 0.023438 0.030864
0 0.860677 0.182870 0.014757 0.032407
0 0.916667 0.300154 0.020833 0.032407
0 0.987413 0.604167 0.019965 0.047840
0 0.991753 0.649691 0.011285 0.046296
