0 0.154080 0.583333 0.030382 0.043210
0 0.232639 0.028549 0.020833 0.026235
0 0.236545 0.060957 0.016493 0.029321
0 0.242188 0.381944 0.026042 0.050926
0 0.247830 0.047840 0.019965 0.027778
0 0.247396 0.086420 0.017361 0.027778
0 0.270399 0.906636 0.032118 0.060185
0 0.265625 0.327160 0.020833 0.033951
0 0.286024 0.780864 0.018229 0.030864
0 0.664062 0.112654 0.015625 0.027778
0 0.685330 0.198302 0.014757 0.026235
0 0.810330 0.316358 0.019965 0.027778
0 0.845486 0.070216 0.022569 0.035494
0 0.860243 0.099537 0.020833 0.032407
0 0.866319 0.420525 0.017361 0.032407
0 0.968316 0.390432 0.018229 0.027778
