0 0.123698 0.190586 0.018229 0.026235
0 0.192708 0.170525 0.017361 0.032407
0 0.278646 0.084877 0.017361 0.030864
0 0.286458 0.777778 0.026042 0.040123
0 0.380208 0.540895 0.024306 0.047840
0 0.482639 0.169753 0.015625 0.024691
0 0.485677 0.207562 0.018229 0.032407
0 0.496094 0.241512 0.013021 0.020062
0 0.520399 0.038580 0.013021 0.021605
0 0.781250 0.159722 0.022569 0.026235
0 0.802083 0.138889 0.020833 0.040123
0 0.934028 0.222222 0.017361 0.033951
0 0.957031 0.529321 0.032118 0.052469
0 0.984375 0.028549 0.026042 0.038580
