0 0.067708 0.269290 0.024306 0.038580
0 0.141493 0.533951 0.024306 0.052469
0 0.273872 0.644290 0.023438 0.026235
0 0.300781 0.410494 0.026910 0.052469
0 0.645833 0.178241 0.010417 0.023148
0 0.652778 0.108796 0.017361 0.044753
0 0.693142 0.860340 0.026910 0.060185
0 0.781684 0.156636 0.021701 0.032407
0 0.807726 0.044753 0.018229 0.030864
0 0.834201 0.479167 0.020833 0.032407
0 0.861979 0.093364 0.015625 0.026235
0 0.886285 0.028549 0.017361 0.026235
0 0.901476 0.288580 0.016493 0.033951
0 0.911892 0.558642 0.026910 0.033951
0 0.940104 0.619599 0.015625 0.029321
