0 0.017795 0.642747 0.035590 0.035494
0 0.137153 0.023148 0.017361 0.030864
0 0.147135 0.236111 0.021701 0.033951
0 0.166667 0.664352 0.026042 0.044753
0 0.239149 0.252315 0.021701 0.029321
0 0.271267 0.215278 0.014757 0.029321
0 0.273438 0.414352 0.020833 0.032407
0 0.287326 0.797068 0.024306 0.054012
0 0.664497 0.227623 0.023438 0.032407
0 0.712674 0.304012 0.022569 0.024691
0 0.755208 0.971451 0.026042 0.047840
0 0.757378 0.672840 0.023438 0.037037
0 0.764757 0.065586 0.012153 0.026235
0 0.828559 0.731481 0.023438 0.040123
0 0.989149 0.216049 0.016493 0.033951
