0 0.024306 0.214506 0.048611 0.030864
0 0.103299 0.241512 0.022569 0.035494
0 0.307292 0.142747 0.031250 0.032407
0 0.307726 0.968364 0.028646 0.054012
0 0.315104 0.518519 0.019097 0.046296
0 0.397569 0.113426 0.020833 0.038580
0 0.403212 0.076389 0.016493 0.032407
0 0.709201 0.797068 0.026042 0.035494
0 0.746962 0.650463 0.021701 0.032407
0 0.861979 0.112654 0.026042 0.027778
0 0.864583 0.144290 0.022569 0.032407
0 0.917101 0.496914 0.026910 0.040123
0 0.919705 0.266204 0.019965 0.032407
0 0.934896 0.270833 0.013889 0.026235
0 0.957031 0.248457 0.051215 0.033951
