0 0.201389 0.460648 0.027778 0.038580
0 0.205295 0.493056 0.014757 0.032407
0 0.308594 0.647377 0.016493 0.026235
0 0.328993 0.682870 0.020833 0.032407
0 0.338108 0.652006 0.019965 0.038580
0 0.346354 0.212191 0.012153 0.026235
0 0.366319 0.212963 0.017361 0.030864
0 0.385417 0.182870 0.015625 0.032407
0 0.648872 0.131944 0.014757 0.026235
0 0.665365 0.118827 0.016493 0.024691
0 0.735677 0.681327 0.018229 0.038580
0 0.791667 0.777778 0.104167 0.435185
0 0.797743 0.631173 0.017361 0.027778
0 0.831163 0.665895 0.016493 0.035494
0 0.960503 0.564815 0.018229 0.024691
