0 0.009983 0.272377 0.019965 0.038580
0 0.190104 0.281636 0.017361 0.029321
0 0.243056 0.201389 0.013889 0.020062
0 0.286024 0.562500 0.039062 0.032407
0 0.287760 0.593364 0.023438 0.041667
0 0.337240 0.021605 0.014757 0.027778
0 0.687066 0.844907 0.023438 0.044753
0 0.756944 0.513117 0.024306 0.041667
0 0.759983 0.479938 0.014757 0.021605
0 0.884549 0.711420 0.017361 0.027778
0 0.894097 0.343364 0.015625 0.026235
0 0.895833 0.091821 0.015625 0.026235
0 0.930122 0.369599 0.023438 0.041667
0 0.953559 0.384259 0.021701 0.030864
0 0.973958 0.357253 0.020833 0.035494
0 0.983073 0.670525 0.019965 0.032407
