0 0.023872 0.673611 0.032118 0.054012
0 0.039931 0.200617 0.026042 0.037037
0 0.070747 0.952932 0.030382 0.060185
0 0.085069 0.476080 0.036458 0.054012
0 0.098958 0.760031 0.029514 0.057099
0 0.138889 0.160494 0.015625 0.024691
0 0.183594 0.072531 0.023438 0.033951
0 0.226562 0.837963 0.031250 0.061728
0 0.294271 0.459877 0.026042 0.040123
0 0.337674 0.337963 0.019097 0.027778
0 0.667535 0.837963 0.026042 0.055556
0 0.836806 0.199074 0.024306 0.037037
0 0.854601 0.228395 0.019965 0.030864
0 0.871528 0.014660 0.017361 0.029321
0 0.949219 0.276235 0.018229 0.024691
