0 0.013021 0.825617 0.026042 0.052469
0 0.180990 0.107253 0.018229 0.035494
0 0.294271 0.653549 0.024306 0.038580
0 0.317708 0.935185 0.026042 0.052469
0 0.323351 0.837191 0.025174 0.054012
0 0.352865 0.513117 0.023438 0.038580
0 0.371094 0.483025 0.019965 0.040123
0 0.465278 0.397377 0.019097 0.038580
0 0.718316 0.014660 0.019965 0.029321
0 0.739583 0.577160 0.020833 0.043210
0 0.777778 0.016204 0.017361 0.032407
0 0.801215 0.575617 0.027778 0.052469
0 0.834201 0.235340 0.026042 0.041667
0 0.937934 0.422840 0.016493 0.027778
0 0.955729 0.417438 0.017361 0.026235
