0 0.006944 0.668210 0.013889 0.046296
0 0.069010 0.320988 0.021701 0.030864
0 0.095920 0.293981 0.019965 0.032407
0 0.201389 0.146605 0.022569 0.040123
0 0.268229 0.163580 0.019097 0.033951
0 0.704861 0.445216 0.015625 0.020062
0 0.713108 0.468364 0.018229 0.029321
0 0.724826 0.021605 0.039931 0.027778
0 0.726562 0.426698 0.010417 0.020062
0 0.733507 0.013889 0.020833 0.027778
0 0.764757 0.069444 0.010417 0.018519
0 0.770833 0.615741 0.017361 0.033951
0 0.905382 0.122685 0.026042 0.035494
0 0.913194 0.152778 0.020833 0.027778
0 0.971788 0.649691 0.018229 0.037037
