0 0.054688 0.602623 0.038194 0.057099
0 0.061198 0.176698 0.018229 0.035494
0 0.202691 0.882716 0.035590 0.067901
0 0.233507 0.344136 0.024306 0.027778
0 0.280382 0.894290 0.024306 0.047840
0 0.399740 0.327932 0.021701 0.041667
0 0.416667 0.128086 0.019097 0.027778
0 0.671875 0.343364 0.015625 0.026235
0 0.697917 0.949074 0.015625 0.037037
0 0.750000 0.954475 0.026042 0.054012
0 0.842448 0.898920 0.033854 0.047840
0 0.847656 0.270833 0.019965 0.035494
0 0.869792 0.737654 0.017361 0.040123
0 0.952691 0.373457 0.025174 0.021605
