0 0.092448 0.479167 0.021701 0.023148
0 0.104601 0.409722 0.014757 0.023148
0 0.123698 0.462963 0.025174 0.037037
0 0.138889 0.395062 0.027778 0.037037
0 0.137587 0.366512 0.014757 0.020062
0 0.141493 0.425926 0.020833 0.030864
0 0.228733 0.498457 0.019965 0.030864
0 0.240885 0.067130 0.018229 0.023148
0 0.250868 0.087191 0.013889 0.023148
0 0.283420 0.864969 0.018229 0.032407
0 0.382378 0.010802 0.013021 0.021605
0 0.595486 0.024691 0.008681 0.018519
0 0.688368 0.814043 0.015625 0.023148
0 0.769531 0.181327 0.011285 0.020062
0 0.907118 0.252315 0.013889 0.023148
0 0.971354 0.313272 0.019097 0.033951
0 0.986979 0.271605 0.020833 0.027778
