0 0.009983 0.352623 0.019965 0.047840
0 0.098524 0.117284 0.075521 0.058642
0 0.129774 0.016975 0.028646 0.033951
0 0.185330 0.304012 0.019965 0.037037
0 0.241753 0.641975 0.021701 0.033951
0 0.276042 0.417438 0.017361 0.029321
0 0.611111 0.259259 0.015625 0.027778
0 0.657552 0.314815 0.023438 0.043210
0 0.683160 0.972222 0.019097 0.046296
0 0.703559 0.274691 0.014757 0.033951
0 0.753472 0.135802 0.020833 0.033951
0 0.762153 0.260031 0.013889 0.020062
0 0.955729 0.586420 0.027778 0.040123
0 0.973524 0.687500 0.025174 0.041667
0 0.987847 0.571759 0.019097 0.032407
