0 0.099692 0.961057 0.025674 0.057904
0 0.012537 0.905458 0.025074 0.066226
0 0.136026 0.656137 0.026058 0.046156
0 0.263359 0.577902 0.026211 0.053500
0 0.156470 0.507980 0.031314 0.051617
0 0.092951 0.485695 0.023386 0.038757
0 0.092257 0.445264 0.027746 0.045627
0 0.139483 0.291823 0.030780 0.042902
0 0.319464 0.283987 0.021676 0.036480
0 0.356124 0.189244 0.014540 0.024996
0 0.094954 0.083604 0.021119 0.035071
0 0.181969 0.042202 0.013588 0.021538
0 0.876874 0.582686 0.017133 0.050701
0 0.982902 0.436185 0.030515 0.028330
0 0.814419 0.049898 0.019633 0.035003
0 0.831612 0.075288 0.020299 0.021889
